year	N	gen_time	suppPop	Captive_N	translocations	non_trans	N_NoGrwt
1773	16638	0	NA	NA	0	NA	16638
1774	16533	1	NA	NA	0	NA	16533
1775	16428	2	NA	NA	0	NA	16428
1776	16324	3	NA	NA	0	NA	16324
1777	16219	4	NA	NA	0	NA	16219
1778	16114	5	NA	NA	0	NA	16114
1779	16010	6	NA	NA	0	NA	16010
1780	15905	7	NA	NA	0	NA	15905
1781	15800	8	NA	NA	0	NA	15800
1782	15696	9	NA	NA	0	NA	15696
1783	15591	10	NA	NA	0	NA	15591
1784	15486	11	NA	NA	0	NA	15486
1785	15382	12	NA	NA	0	NA	15382
1786	15277	13	NA	NA	0	NA	15277
1787	15172	14	NA	NA	0	NA	15172
1788	15068	15	NA	NA	0	NA	15068
1789	14963	16	NA	NA	0	NA	14963
1790	14859	17	NA	NA	0	NA	14859
1791	14754	18	NA	NA	0	NA	14754
1792	14649	19	NA	NA	0	NA	14649
1793	14545	20	NA	NA	0	NA	14545
1794	14440	21	NA	NA	0	NA	14440
1795	14335	22	NA	NA	0	NA	14335
1796	14231	23	NA	NA	0	NA	14231
1797	14126	24	NA	NA	0	NA	14126
1798	14021	25	NA	NA	0	NA	14021
1799	13917	26	NA	NA	0	NA	13917
1800	13812	27	NA	NA	0	NA	13812
1801	13707	28	NA	NA	0	NA	13707
1802	13603	29	NA	NA	0	NA	13603
1803	13498	30	NA	NA	0	NA	13498
1804	13394	31	NA	NA	0	NA	13394
1805	13289	32	NA	NA	0	NA	13289
1806	13184	33	NA	NA	0	NA	13184
1807	13080	34	NA	NA	0	NA	13080
1808	12975	35	NA	NA	0	NA	12975
1809	12870	36	NA	NA	0	NA	12870
1810	12766	37	NA	NA	0	NA	12766
1811	12661	38	NA	NA	0	NA	12661
1812	12556	39	NA	NA	0	NA	12556
1813	12452	40	NA	NA	0	NA	12452
1814	12347	41	NA	NA	0	NA	12347
1815	12242	42	NA	NA	0	NA	12242
1816	12138	43	NA	NA	0	NA	12138
1817	12033	44	NA	NA	0	NA	12033
1818	11928	45	NA	NA	0	NA	11928
1819	11824	46	NA	NA	0	NA	11824
1820	11719	47	NA	NA	0	NA	11719
1821	11615	48	NA	NA	0	NA	11615
1822	11510	49	NA	NA	0	NA	11510
1823	11405	50	NA	NA	0	NA	11405
1824	11301	51	NA	NA	0	NA	11301
1825	11196	52	NA	NA	0	NA	11196
1826	11091	53	NA	NA	0	NA	11091
1827	10987	54	NA	NA	0	NA	10987
1828	10882	55	NA	NA	0	NA	10882
1829	10777	56	NA	NA	0	NA	10777
1830	10673	57	NA	NA	0	NA	10673
1831	10568	58	NA	NA	0	NA	10568
1832	10463	59	NA	NA	0	NA	10463
1833	10359	60	NA	NA	0	NA	10359
1834	10254	61	NA	NA	0	NA	10254
1835	10150	62	NA	NA	0	NA	10150
1835	10150	62	NA	NA	0	NA	10150
1836	10015	63	NA	NA	0	NA	10015
1837	9881	64	NA	NA	0	NA	9881
1838	9746	65	NA	NA	0	NA	9746
1839	9612	66	NA	NA	0	NA	9612
1840	9477	67	NA	NA	0	NA	9477
1841	9343	68	NA	NA	0	NA	9343
1842	9208	69	NA	NA	0	NA	9208
1843	9074	70	NA	NA	0	NA	9074
1844	8940	71	NA	NA	0	NA	8940
1845	8805	72	NA	NA	0	NA	8805
1846	8671	73	NA	NA	0	NA	8671
1847	8536	74	NA	NA	0	NA	8536
1848	8402	75	NA	NA	0	NA	8402
1849	8267	76	NA	NA	0	NA	8267
1850	8133	77	NA	NA	0	NA	8133
1851	7999	78	NA	NA	0	NA	7999
1852	7864	79	NA	NA	0	NA	7864
1853	7730	80	NA	NA	0	NA	7730
1854	7595	81	NA	NA	0	NA	7595
1855	7461	82	NA	NA	0	NA	7461
1856	7326	83	NA	NA	0	NA	7326
1857	7192	84	NA	NA	0	NA	7192
1858	7058	85	NA	NA	0	NA	7058
1859	6923	86	NA	NA	0	NA	6923
1860	6789	87	NA	NA	0	NA	6789
1861	6654	88	NA	NA	0	NA	6654
1862	6520	89	NA	NA	0	NA	6520
1863	6385	90	NA	NA	0	NA	6385
1864	6251	91	NA	NA	0	NA	6251
1865	6117	92	NA	NA	0	NA	6117
1866	5982	93	NA	NA	0	NA	5982
1867	5848	94	NA	NA	0	NA	5848
1868	5713	95	NA	NA	0	NA	5713
1869	5579	96	NA	NA	0	NA	5579
1870	5444	97	NA	NA	0	NA	5444
1871	5310	98	NA	NA	0	NA	5310
1872	5176	99	NA	NA	0	NA	5176
1872	5176	99	NA	NA	0	NA	5176
1873	5095	100	NA	NA	0	NA	5095
1874	5014	101	NA	NA	0	NA	5014
1875	4934	102	NA	NA	0	NA	4934
1876	4853	103	NA	NA	0	NA	4853
1877	4772	104	NA	NA	0	NA	4772
1878	4692	105	NA	NA	0	NA	4692
1879	4611	106	NA	NA	0	NA	4611
1880	4531	107	NA	NA	0	NA	4531
1881	4450	108	NA	NA	0	NA	4450
1882	4369	109	NA	NA	0	NA	4369
1883	4289	110	NA	NA	0	NA	4289
1884	4208	111	NA	NA	0	NA	4208
1885	4127	112	NA	NA	0	NA	4127
1886	4047	113	NA	NA	0	NA	4047
1887	3966	114	NA	NA	0	NA	3966
1888	3886	115	NA	NA	0	NA	3886
1889	3805	116	NA	NA	0	NA	3805
1890	3724	117	NA	NA	0	NA	3724
1891	3644	118	NA	NA	0	NA	3644
1892	3563	119	NA	NA	0	NA	3563
1893	3482	120	NA	NA	0	NA	3482
1894	3402	121	NA	NA	0	NA	3402
1895	3321	122	NA	NA	0	NA	3321
1896	3241	123	NA	NA	0	NA	3241
1897	3160	124	NA	NA	0	NA	3160
1898	3079	125	NA	NA	0	NA	3079
1899	2999	126	NA	NA	0	NA	2999
1900	2918	127	NA	NA	0	NA	2918
1901	2838	128	NA	NA	0	NA	2838
1902	2757	129	NA	NA	0	NA	2757
1903	2676	130	NA	NA	0	NA	2676
1904	2596	131	NA	NA	0	NA	2596
1905	2515	132	NA	NA	0	NA	2515
1906	2434	133	NA	NA	0	NA	2434
1907	2354	134	NA	NA	0	NA	2354
1908	2273	135	NA	NA	0	NA	2273
1909	2193	136	NA	NA	0	NA	2193
1910	2112	137	NA	NA	0	NA	2112
1911	2031	138	NA	NA	0	NA	2031
1912	1951	139	NA	NA	0	NA	1951
1913	1870	140	NA	NA	0	NA	1870
1914	1789	141	NA	NA	0	NA	1789
1915	1709	142	NA	NA	0	NA	1709
1916	1628	143	NA	NA	0	NA	1628
1917	1548	144	NA	NA	0	NA	1548
1918	1467	145	NA	NA	0	NA	1467
1919	1386	146	NA	NA	0	NA	1386
1920	1306	147	NA	NA	0	NA	1306
1921	1225	148	NA	NA	0	NA	1225
1922	1144	149	NA	NA	0	NA	1144
1923	1064	150	NA	NA	0	NA	1064
1924	983	151	NA	NA	0	NA	983
1925	903	152	NA	NA	0	NA	903
1926	822	153	NA	NA	0	NA	822
1927	741	154	NA	NA	0	NA	741
1928	661	155	NA	NA	0	NA	661
1929	580	156	NA	NA	0	NA	580
1930	500	157	NA	NA	0	NA	500
1930	500	157	NA	NA	0	NA	500
1931	486	158	NA	NA	0	NA	486
1932	473	159	NA	NA	0	NA	473
1933	460	160	NA	NA	0	NA	460
1934	446	161	NA	NA	0	NA	446
1935	433	162	NA	NA	0	NA	433
1936	420	163	NA	NA	0	NA	420
1937	406	164	NA	NA	0	NA	406
1938	393	165	NA	NA	0	NA	393
1939	380	166	NA	NA	0	NA	380
1940	366	167	NA	NA	0	NA	366
1941	353	168	NA	NA	0	NA	353
1942	340	169	NA	NA	0	NA	340
1943	326	170	NA	NA	0	NA	326
1944	313	171	NA	NA	0	NA	313
1945	300	172	NA	NA	0	NA	300
1946	286	173	NA	NA	0	NA	286
1947	273	174	NA	NA	0	NA	273
1948	260	175	NA	NA	0	NA	260
1949	246	176	NA	NA	0	NA	246
1950	233	177	NA	NA	0	NA	233
1951	220	178	NA	NA	0	NA	220
1952	206	179	NA	NA	0	NA	206
1953	193	180	NA	NA	0	NA	193
1954	180	181	NA	NA	0	NA	180
1955	166	182	NA	NA	0	NA	166
1956	153	183	NA	NA	0	NA	153
1957	140	184	NA	NA	0	NA	140
1958	126	185	NA	NA	0	NA	126
1959	113	186	NA	NA	0	NA	113
1960	100	187	NA	NA	0	NA	100
1960	100	187	NA	NA	0	NA	100
1961	96	188	NA	NA	0	NA	96
1962	92	189	NA	NA	0	NA	92
1963	89	190	NA	NA	0	NA	89
1964	85	191	NA	NA	0	NA	85
1965	82	192	NA	NA	0	NA	82
1966	78	193	NA	NA	0	NA	78
1967	75	194	NA	NA	0	NA	75
1968	71	195	NA	NA	0	NA	71
1969	68	196	NA	NA	0	NA	68
1970	64	197	NA	NA	0	NA	64
1971	61	198	NA	NA	0	NA	61
1972	57	199	NA	NA	0	NA	57
1973	54	200	NA	NA	0	NA	54
1974	50	201	NA	NA	0	NA	50
1975	46	202	NA	NA	0	NA	46
1976	43	203	Foundation	12	0	NA	43
1977	39	204	NA	17	0	NA	39
1978	36	205	CaptiveGrow	37	0	NA	36
1979	32	206	NA	67	0	NA	32
1980	29	207	CaptiveGrow	87	0	NA	29
1981	25	208	NA	87	0	NA	25
1982	22	209	CaptiveGrow	104	0	NA	22
1983	18	210	NA	124	0	NA	18
1984	15	211	NA	123	0	NA	15
1985	11	212	NA	125	0	NA	11
1986	8	213	CaptiveGrow	118	0	NA	8
1987	8	214	NA	118	11	-3	8
1988	8	215	NA	119	4	-1	8
1989	9	216	CaptiveGrow	127	4	5	9
1990	20	217	CaptiveGrow	123	2	18	14
1991	26	218	CaptiveGrow	123	18	10	21
1992	40	219	CaptiveGrow	121	16	27	24
1993	53	220	CaptiveGrow	121	3	50	19
1994	113	221	CaptiveGrow	126	40	73	26
1995	208	222	NA	122	74	133	21
1996	266	223	NA	125	64	204	18
1997	284	224	NA	119	4	280	18
1998	294	225	NA	118	0	NA	19
1999	334	226	NA	120	31	317	28
2000	405	227	NA	125	17	388	25
2001	365	228	NA	127	0	NA	20
2002	332	229	NA	124	0	NA	24
2003	346	230	NA	120	0	NA	20
2004	360	231	NA	121	0	NA	19
2005	348	232	NA	127	0	NA	19
2006	384	233	NA	119	0	NA	22
2007	378	234	NA	128	16	367	25
2008	405	235	NA	122	35	NA	26
2009	377	236	NA	123	18	373	22
2010	386	237	NA	120	19	NA	25
2011	365	238	NA	122	22	NA	19
2012	370	239	NA	127	18	NA	19
2013	346	240	NA	118	13	NA	14
2014	324	241	NA	118	11	NA	20
2015	334	242	NA	122	0	NA	25
2016	305	243	NA	125	0	NA	25
2017	360	244	NA	123	38	354	24
2018	400	245	NA	120	40	386	21
2019	404	246	NA	118	10	NA	26
2020	430	247	NA	119	14	NA	21
2021	435	248	NA	111	3	NA	16
2022	405	249	NA	113	4	NA	19
2023	422	250	NA	118	16	NA	17
2024	416	251	NA	117	20	NA	24
2025	383	252	NA	107	0	NA	16
2026	445	253	NA	102	20	NA	18
2027	402	254	NA	117	7	NA	23
2028	435	255	NA	125	21	NA	23
2029	401	256	NA	102	8	NA	22
2030	419	257	NA	123	2	NA	22
2031	429	258	NA	119	4	NA	20
2032	385	259	NA	120	0	NA	17
2033	409	260	NA	123	3	NA	23
2034	387	261	NA	119	12	NA	16
2035	447	262	NA	110	2	NA	18
2036	421	263	NA	122	8	NA	23
2037	389	264	NA	101	18	NA	16
2038	395	265	NA	101	7	NA	18
2039	394	266	NA	109	13	NA	21
2040	380	267	NA	118	13	NA	23
2041	444	268	NA	125	0	NA	24
2042	411	269	NA	111	9	NA	16
2043	441	270	NA	120	15	NA	14
2044	384	271	NA	116	0	NA	19
2045	441	272	NA	113	8	NA	16
2046	426	273	NA	105	7	NA	17
2047	430	274	NA	109	10	NA	19
2048	412	275	NA	111	0	NA	18
2049	415	276	NA	107	15	NA	18
2050	449	277	NA	117	0	NA	15
2051	410	278	NA	124	11	NA	14
2052	437	279	NA	117	0	NA	24
2053	419	280	NA	125	11	NA	22
2054	419	281	NA	105	13	NA	19
2055	420	282	NA	121	0	NA	22
2056	417	283	NA	116	13	NA	17
2057	438	284	NA	115	8	NA	19
2058	459	285	NA	106	12	NA	23
2059	428	286	NA	100	0	NA	16
2060	417	287	NA	127	8	NA	23
2061	412	288	NA	109	4	NA	20
2062	467	289	NA	124	15	NA	18
2063	463	290	NA	120	7	NA	17
2064	428	291	NA	116	19	NA	24
2065	444	292	NA	128	14	NA	16
2066	409	293	NA	116	0	NA	14
2067	408	294	NA	110	12	NA	15
2068	448	295	NA	110	12	NA	14
2069	467	296	NA	119	4	NA	23
2070	416	297	NA	104	0	NA	16
2071	422	298	NA	125	20	NA	21
2072	463	299	NA	105	4	NA	14
2073	422	300	NA	101	0	NA	17
2074	429	301	NA	126	13	NA	16
2075	447	302	NA	103	20	NA	16
2076	431	303	NA	128	13	NA	22
2077	463	304	NA	109	0	NA	17
2078	405	305	NA	127	15	NA	19
2079	450	306	NA	121	7	NA	16
2080	465	307	NA	123	9	NA	17
2081	421	308	NA	107	3	NA	23
2082	468	309	NA	115	0	NA	24
2083	410	310	NA	125	6	NA	19
2084	415	311	NA	126	13	NA	22
2085	461	312	NA	125	13	NA	17
2086	423	313	NA	107	6	NA	21
2087	437	314	NA	122	4	NA	21
2088	413	315	NA	101	15	NA	18
2089	459	316	NA	103	0	NA	20
2090	404	317	NA	107	4	NA	15
2091	403	318	NA	102	6	NA	19
2092	414	319	NA	127	2	NA	20
2093	460	320	NA	103	0	NA	17
2094	446	321	NA	126	15	NA	16
2095	404	322	NA	105	0	NA	19
2096	454	323	NA	125	28	NA	24
2097	464	324	NA	123	0	NA	19
2098	453	325	NA	101	17	NA	21
2099	450	326	NA	101	11	NA	20
2100	440	327	NA	102	11	NA	15
2101	445	328	NA	107	10	NA	22
2102	453	329	NA	104	14	NA	18
2103	442	330	NA	112	3	NA	21
2104	457	331	NA	113	4	NA	19
2105	453	332	NA	100	16	NA	23
2106	467	333	NA	107	20	NA	15
2107	451	334	NA	125	0	NA	20
2108	460	335	NA	103	20	NA	20
2109	462	336	NA	122	7	NA	14
2110	442	337	NA	124	21	NA	19
2111	457	338	NA	126	8	NA	15
2112	455	339	NA	105	2	NA	22
2113	467	340	NA	109	4	NA	15
2114	449	341	NA	126	0	NA	16
2115	456	342	NA	101	3	NA	24
2116	466	343	NA	128	12	NA	17
2117	464	344	NA	124	2	NA	16
2118	454	345	NA	106	8	NA	18
2119	457	346	NA	118	18	NA	18
2120	463	347	NA	113	7	NA	19
2121	448	348	NA	105	13	NA	24
2122	461	349	NA	112	13	NA	17
2123	444	350	NA	119	0	NA	21
2124	466	351	NA	128	9	NA	23
2125	444	352	NA	117	15	NA	16
2126	445	353	NA	118	0	NA	15
2127	464	354	NA	105	8	NA	21
2128	453	355	NA	123	7	NA	15
2129	462	356	NA	115	10	NA	15
2130	458	357	NA	103	0	NA	20
2131	461	358	NA	100	15	NA	21
2132	465	359	NA	100	0	NA	14
2133	465	360	NA	121	11	NA	15
2134	503	361	NA	110	0	NA	23
2135	493	362	NA	126	11	NA	16
2136	492	363	NA	102	13	NA	15
2137	499	364	NA	127	0	NA	18
2138	495	365	NA	106	13	NA	19
2139	481	366	NA	128	8	NA	19
2140	489	367	NA	120	12	NA	18
2141	494	368	NA	122	0	NA	19
2142	499	369	NA	125	8	NA	17
2143	489	370	NA	119	4	NA	24
2144	507	371	NA	112	15	NA	14
2145	501	372	NA	123	7	NA	24
2146	481	373	NA	127	19	NA	15
2147	480	374	NA	117	14	NA	23
2148	489	375	NA	115	0	NA	23
2149	498	376	NA	110	12	NA	16
2150	495	377	NA	126	12	NA	20
2151	486	378	NA	104	4	NA	15
2152	501	379	NA	127	0	NA	17
2153	503	380	NA	111	20	NA	19
2154	489	381	NA	114	4	NA	23
2155	497	382	NA	110	0	NA	14
2156	484	383	NA	125	13	NA	19
2157	492	384	NA	122	20	NA	19
2158	500	385	NA	100	13	NA	16
2159	486	386	NA	124	0	NA	22
2160	480	387	NA	100	15	NA	18
2161	501	388	NA	113	7	NA	18
2162	488	389	NA	119	9	NA	18
2163	507	390	NA	116	3	NA	19
2164	487	391	NA	113	0	NA	20
2165	506	392	NA	125	6	NA	24
2166	495	393	NA	115	13	NA	14
2167	497	394	NA	114	13	NA	24
2168	480	395	NA	124	6	NA	18
2169	500	396	NA	106	4	NA	14
2170	495	397	NA	120	15	NA	24
2171	483	398	NA	110	0	NA	20
2172	505	399	NA	128	4	NA	23
2173	507	400	NA	100	6	NA	22
2174	498	401	NA	121	2	NA	22
2175	503	402	NA	116	0	NA	20
2176	483	403	NA	104	15	NA	18
2177	496	404	NA	121	0	NA	17
2178	506	405	NA	119	28	NA	23
2179	480	406	NA	119	0	NA	18
2180	497	407	NA	105	17	NA	23
2181	486	408	NA	100	11	NA	20
2182	482	409	NA	123	11	NA	15
2183	506	410	NA	107	10	NA	18
2184	488	411	NA	117	14	NA	20
2185	501	412	NA	128	3	NA	21
2186	493	413	NA	115	4	NA	14
2187	487	414	NA	120	16	NA	17
2188	505	415	NA	101	20	NA	21
2189	503	416	NA	109	0	NA	20
2190	506	417	NA	116	20	NA	21
2191	500	418	NA	100	7	NA	17
2192	503	419	NA	119	21	NA	19
2193	488	420	NA	127	8	NA	21
2194	492	421	NA	113	2	NA	16
2195	505	422	NA	116	4	NA	23
2196	504	423	NA	114	0	NA	24
2197	500	424	NA	126	3	NA	16
2198	490	425	NA	119	12	NA	17
2199	507	426	NA	101	2	NA	24
2200	483	427	NA	114	8	NA	17
